01 0840 0842 0844
021 0840 0842 0844
022 0840 0842 0844
024 0840 0842 0844
026 0840 0842 0844
027 0840 0842 0844
031 0840 0842 0844
032 0840 0842 0844
034 0840 0842 0844
040 0840 0842 0844
041 0840 0842 0844
046 0840 0842 0844
048 0840 0842 0844
049 0840 0842 0844
050 0840 0842 0844
051 0840 0842 0844
052 0840 0842 0844
055 0840 0842 0844
056 0840 0842 0844
061 0840 0842 0844
062 0840 0842 0844
071 0840 0842 0844
074 0840 0842 0844
076 0840 0842 0844
077 0840 0842 0844
078 0840 0842 0844
079 0840 0842 0844
080 0840 0842 0844
081 0840 0842 0844
084 0840 0842 0844
086 0840 0842 0844
087 0840 0842 0844
090 0840 0842 0844
091 0840 0842 0844
099 0840 0842 0844
