1 2 2
1 3 2
1 4 2
1 5 2
1 6 2
1 71 2
1 74 2
1 76 102
1 78 101
1 7 100
1 840 1
1 842 1
1 844 1
1 8 2
1 91 91
1 99 99
1 9 90
21 2 2
21 3 2
21 4 2
21 5 2
21 6 2
21 71 2
21 74 2
21 76 102
21 78 101
21 7 100
21 840 1
21 842 1
21 844 1
21 8 2
21 91 91
21 99 99
21 9 90
22 2 2
22 3 2
22 4 2
22 5 2
22 6 2
22 71 2
22 74 2
22 76 102
22 78 101
22 7 100
22 840 1
22 842 1
22 844 1
22 8 2
22 91 91
22 99 99
22 9 90
22 21 127
24 2 2
24 3 2
24 4 2
24 5 2
24 6 2
24 71 2
24 74 2
24 76 102
24 78 101
24 7 100
24 840 1
24 842 1
24 844 1
24 8 2
24 91 91
24 99 99
24 9 90
24 21 127
26 2 2
26 3 2
26 4 2
26 5 2
26 6 2
26 71 2
26 74 2
26 76 102
26 78 101
26 7 100
26 840 1
26 842 1
26 844 1
26 8 2
26 91 91
26 99 99
26 9 90
26 21 127
27 3 2
27 4 2
27 5 2
27 6 2
27 71 2
27 74 2
27 76 102
27 78 101
27 7 100
27 840 1
27 842 1
27 844 1
27 8 2
27 91 91
27 99 99
27 9 90
27 21 127
31 3 2
31 4 2
31 5 2
31 6 2
31 71 2
31 74 2
31 76 102
31 78 101
31 7 100
31 840 1
31 842 1
31 844 1
31 8 2
31 91 91
31 99 99
31 9 90
32 31 127
34 31 127
40 4 2
40 5 2
40 6 2
40 71 2
40 74 2
40 76 102
40 78 101
40 7 100
40 840 1
40 842 1
40 844 1
40 8 2
40 91 91
40 99 99
40 9 90
41 40 127
46 40 127
48 40 127
49 40 127
50 5 2
50 6 2
50 71 2
50 74 2
50 76 102
50 78 101
50 7 100
50 840 1
50 842 1
50 844 1
50 8 2
50 91 91
50 99 99
50 9 90
51 50 127
52 50 127
55 50 127
56 50 127
61 6 2
61 71 2
61 74 2
61 76 102
61 78 101
61 7 100
61 840 1
61 842 1
61 844 1
61 8 2
61 91 91
61 99 99
61 9 90
62 61 127
71 74 2
71 76 102
71 78 101
71 7 100
71 840 1
71 842 1
71 844 1
71 8 2
71 91 91
71 99 99
71 9 90
74 74 100
74 71 127
76 74 100
76 76 100
76 71 127
77 74 100
77 76 100
77 71 127
78 74 100
78 76 100
78 78 100
78 71 127
79 71 127
80 840 1
80 842 1
80 844 1
80 8 2
80 91 91
80 99 99
80 9 90
81 840 1
81 842 1
81 844 1
81 84 2
81 86 2
81 87 2
81 80 127
840 8 1
840 9 1
842 840 127
844 840 127
84 84 1
84 80 127
86 8 2
86 91 91
86 99 99
86 9 90
87 86 127
90 91 91
90 9 99
91 9 99
