010 010 015 0174 0180 0181 0186 079
0111 0111 0113 0166 0167 0187
0113 0111 0113 0114 0115 0117 0118 0164 0166
0114 0113 0114 0115
0115 0113 0114 0115 0117
0117 0113 0115 0117 0118
0118 0113 0117 0118
013 013 0161 0162 0411 0416 0497 0499
015 010 015 0174 070 079
0161 013 0161 0162 076
0162 013 0161 0162 0168 0183 0416 076
0164 0113 0164 0165 0166 0167
0165 0164 0165 0167 0168 076
0166 0111 0113 0164 0166 0167
0167 0111 0164 0165 0166 0167 0168 0187
0168 0162 0165 0167 0168 0186 076 078
0172 0172 0182 0252 0297 0348 071 079
0174 010 015 0174 0181 070
0180 010 0180 0182 0184 0186 078 079
0181 010 0174 0181 0186 0187
0182 0172 0180 0182 0183 0184 0347 0348 079
0183 0162 0182 0183 0184 0345 0347 0416 0418 078
0184 0180 0182 0183 0184 078
0186 010 0180 0181 0186 0187 078
0187 0111 0167 0181 0186 0187
020 020 023 0294 0297 0299 036 075
0222 0222 0223 0562
0223 0222 0223 0224 0227
0224 0223 0224 0226 0227 0229
0226 0224 0226 0229 072
0227 0223 0224 0227 0228 0229
0228 0227 0228 0229
0229 0224 0226 0227 0228 0229 0299 072
023 020 023 0251 0252 0255 0297
024 024 0481 0485 0486 0487 0488
0251 023 0251 0255 072 075
0252 0172 023 0252 0297 071
0255 023 0251 0255 075
026 026 0313 0316 0317 0318 0481 0488 055
0294 020 0294 0297 0346 035 036
0297 0172 020 023 0252 0294 0297 0346 0348
0299 020 0229 0299 072 075
030 030 0343 0345 0346 0347 0348
0313 026 0313 0314 0316 055 0575
0314 0313 0314 0315 0316 0543 0544 0573 0575
0315 0314 0315 0543 0544
0316 026 0313 0314 0316 0481
0317 026 0317 0318 0343 0344 0487 0488
0318 026 0317 0318 033 0342 0343 0344 055 0577
0320 0320 0321 0341 036
0321 0320 0321 0341 038 0525 0527
033 0318 033 0341 0342 0343 0346 035 036
0341 0320 0321 033 0341 0342 036 0525 0577 0578
0342 0318 033 0341 0342 0577
0343 030 0317 0318 033 0343 0344 0345 0346
0344 0317 0318 0343 0344 0345 0418 0487 0488
0345 0183 030 0343 0344 0345 0347 0418
0346 0294 0297 030 033 0343 0346 0347 0348 035
0347 0182 0183 030 0345 0346 0347 0348
0348 0172 0182 0297 030 0346 0347 0348
035 0294 033 0346 035 036
036 020 0294 0320 033 0341 035 036
038 0321 038 0522 0525 0527 0529 0578
040 040 0492 0493 0495 0497 0499
0411 013 0411 0413 0416 0499 073
0412 0412 0413 0418 0486 0487 073
0413 0411 0412 0413 0485 0486 0492 0499 073
0416 013 0162 0183 0411 0416 0418 073
0418 0183 0344 0345 0412 0416 0418 0487 073
043 043 045 046
045 043 045 046
046 043 045 046 0475
0475 046 0475 0495 077
0478 0478 0485 0493 077
0481 024 026 0316 0481 0488
0485 024 0413 0478 0485 0486 0492 0493
0486 024 0412 0413 0485 0486 0487
0487 024 0317 0344 0412 0418 0486 0487 0488
0488 024 026 0317 0344 0481 0487 0488
0492 040 0413 0485 0492 0493 0499
0493 040 0478 0485 0492 0493 0595 077
0495 040 0475 0493 0495 077
0497 013 040 0497 0499
0499 013 040 0411 0413 0492 0497 0499
050 050 0592 0594 0595 0596 0598
0511 0511 0512 0519 0566 058 0594 0595
0512 0511 0512 0513 0516 0566 0594
0513 0512 0513 0514 0515 0516 0561 0566
0514 0513 0514 0515 0527 0561
0515 0513 0514 0515 0517 0566 058
0516 0512 0513 0516 0521 0561 0592 0594
0517 0515 0517 0518 0562 058
0518 0517 0518 0519 0562 058
0519 0511 0518 0519 0562 058 0595
0521 0516 0521 0522 0527 0528 0561 0592 0593
0522 038 0521 0522 0523 0527 0528 0529
0523 0522 0523 0524 0528 0529 0546
0524 0523 0524 0528 0591 0593
0525 0321 0341 038 0525 0578
0527 0321 038 0514 0521 0522 0527 0561
0528 0521 0522 0523 0524 0528 0593
0529 038 0522 0523 0529 0546 0570 0572 0578
053 053 0541 0545 0547 074
0541 053 0541 0546 074
0543 0314 0315 0543 0544 0545
0544 0314 0315 0543 0544 0545 0573
0545 053 0543 0544 0545 0547 0573 074
0546 0523 0529 0541 0546 0547 0548 0572 074
0547 053 0545 0546 0547 0548 0573 074
0548 0546 0547 0548 0570 0572 0573
055 026 0313 0318 055 0571 0575 0577 0578
0561 0513 0514 0516 0521 0527 0561
0562 0222 0517 0518 0519 0562 058
0566 0511 0512 0513 0515 0566 058
0570 0529 0548 0570 0571 0572 0573 0575 0578
0571 055 0570 0571 0575 0578
0572 0529 0546 0548 0570 0572
0573 0314 0544 0545 0547 0548 0570 0573 0575
0575 0313 0314 055 0570 0571 0573 0575
0577 0318 0341 0342 055 0577 0578
0578 0341 038 0525 0529 055 0570 0571 0577 0578
058 0511 0515 0517 0518 0519 0562 0566 058
0591 0524 0591 0592 0593 0599
0592 050 0516 0521 0591 0592 0593 0594 0598 0599
0593 0521 0524 0528 0591 0592 0593
0594 050 0511 0512 0516 0592 0594 0595
0595 050 0511 0519 0594 0595 0596
0596 050 0595 0596 0597 0598
0597 0596 0597 0598 0599
0598 050 0592 0596 0597 0598 0599
0599 0591 0592 0597 0598 0599
070 015 0174 070 071 079
071 0172 0252 070 071 079
072 0226 0229 0251 0299 072 075
073 0411 0412 0413 0416 0418 073
074 053 0541 0545 0546 0547 074
075 020 0251 0255 0299 072 075
076 0161 0162 0165 0168 076
077 0475 0478 0493 0495 077
078 0168 0180 0183 0184 0186 078
079 010 015 0172 0180 0182 070 071 079

